25
0.8667151062704553 0.6145651208706235 0.911593877218967 0.6455177384204258 0.35327547480623556 0.3957243289556208 0.4932849039406798 0.6787899826602378 0.27354562006347916 0.6735667116257409 0.8232252689651939 0.43034535301463905 0.48148218294348677 0.7460694607284641 0.10766292616333129 0.6903306249691571 0.068019648741801 0.15060923505736434 0.3548535980175044 0.8866573364535302 0.913623357440295 0.9051223969954235 0.25508684058282516 0.042143155958201506 0.6576982613636991 
0.0 0.355527817642353 -0.19376940974438583 -0.0632963442117751 0.6011418037706552 0.4438618195817986 0.4693142328896743 -0.13259691105669802 0.1465563760109055 -0.3981501909690961 -0.050171463401127436 0.08303793743890986 0.2520016797543134 0.22196140216537197 0.4686413175927124 0.22979000520888315 0.3096181915069569 0.5588677803042985 0.685484621363913 -0.4449765328392309 -0.19589383776655722 -0.41310056736746326 0.13993290136599662 0.3526729844799211 0.2485881905884848 
0.0 0.0 -0.21786819656801437 -0.6466959551309014 -0.445064744148358 -0.05038331442580968 -0.852637288181108 -0.33359472794735046 0.09674263155269425 -0.17200201151683348 -0.2999662391610175 0.09097123410411515 0.2269458791792382 -0.785202542232585 0.2901736597572438 -0.9119138405411288 -0.27521403256976695 0.22696537619632867 -0.039165745581695055 -0.35557031939970235 -0.039986852899581926 -0.3444667098416621 0.4232686449535935 -0.177478566045776 -0.9175416370522512 
0.0 5.551115123125783E-17 0.0 -0.22672274783367097 -0.97858445463133 -0.5045854724494823 -1.2270576001464466 0.3806765357084279 0.5648435288872011 0.5053275449248391 0.014925745318519507 0.055074513167698 0.47746993051032893 -0.9793068046989497 0.564783297758642 -1.0766300490132796 0.03196415870709127 0.3432856794454854 -0.45722053515811945 0.5853402903453895 0.29191929617003864 0.47845992322598946 0.9756284677587812 0.2827259997582318 -0.9873516089959782 
0.0 -7.689332245125767E-16 0.0 0.0 10.827452065295626 6.11487294807955 11.740210535466144 -6.1071172880071405 -7.432871148006917 -6.905886866700148 -0.750918390105401 -0.4400747858909036 -5.8073355786291225 9.090679992948091 -6.739965184379295 10.530757150300463 -1.6972516814062586 -4.426826751795894 5.243864768168304 -8.975623302046074 -3.015912922876442 -6.850207771883702 -11.104059037217773 -4.549176244739024 9.349768826907 
0.0 3.080727438232462E-17 0.0 0.0 0.0 1.082524250017869E-6 -0.981207299820241 0.3747784513334187 0.5304551625309304 0.19614792778107626 0.06460910608678358 0.3983891261436824 0.38741479213651675 -0.3248204417627232 0.49730554263885396 -0.4947627536363943 0.8796652146889914 0.5122089288049141 -0.5626079317367263 0.1727885799986688 0.5330423924519105 0.874748142111482 1.2027256707295595 1.1021526209630985 -0.2139546289927261 
1.1102230246251565E-16 4.33331596496986E-17 1.1102230246251565E-16 0.0 0.0 0.0531962020145782 -0.3700980061575141 1.0281111692363698 0.6007881850598356 0.3487944933662783 0.5918120990274706 0.20163266671913582 0.966167732248131 -0.9315609318305782 1.393830746383724 0.14747312931219092 0.8634394397757401 1.02592136184855 -0.027276403172434627 -0.007415347794418992 0.7551207157691131 0.047154109384705656 1.017907061423415 1.4383778206096172 -0.1563643466103697 
0.0 7.262116096467857E-17 0.0 0.0 0.0 0.32419116684031235 -0.09610907059340512 0.890220071231342 1.5967490476666588 0.2345631433509905 0.3132243416503008 0.47743896986202017 0.5727679186220916 -0.49590724831995425 1.8391418580234646 -0.6301787939727186 0.6594003154594505 1.0671971654736732 0.7021189503203114 0.6621488560373809 -0.01210312845101913 0.09629577084780738 1.6020683498761517 1.1660007849724532 0.10329574539907682 
0.0 3.6990696620144195E-17 0.0 0.0 0.0 -0.4997605685519968 -1.5081376228340115 0.5409860339025991 0.42507976668759717 0.46400255307324567 1.0386612412193488 0.40173424917219863 0.8783589494543813 -1.110827687186383 1.4307640958936636 -0.9787226233719828 0.9866584122838626 1.083961590844675 -0.3559182928717899 0.845751509186405 1.0846584558810521 1.2662065588862346 1.653252455808925 1.260508564737291 -0.014710111717418428 
0.0 -6.339422506180265E-17 0.0 0.0 0.0 0.4577927657137857 -0.45295453765323646 -0.8629758593704926 0.17268346808157564 0.5121842914828194 -0.2789101086919078 0.560418580458342 -0.3275053346794832 0.10670495615116815 0.011671423538253567 -0.5961481982203496 -0.17111630354244184 -0.08191925220187624 0.10625264132834589 -0.4068186979489494 -0.017352654853897587 -0.01257707595500035 0.0822785030741664 -0.9595995113764888 -0.895994233338582 
0.0 -3.441800218657732E-18 0.0 0.0 0.0 -0.1098581978151092 0.3128562445966221 -0.5610596259762328 0.20634901487674462 -0.40322525443354795 -0.5376173520838444 0.24071470815339296 0.5420463124762289 0.10918468799592151 0.48040009510477955 0.058777794651959425 -0.09861356696027324 0.5991079224308784 0.5552222386502428 -0.1915918929218936 0.013462168636227734 -0.09204679354340062 0.4935872437171325 -0.2808483737055276 -0.32705384191053444 
0.0 5.844004830902045E-17 0.0 0.0 0.0 -0.11487711100790121 -0.09121529032084164 0.38432601109786413 0.8040284782526497 0.16372423946455883 -0.06473268596606645 0.22242108728128057 0.7522120299411288 -1.0199410486963227 1.4944125075213581 -0.24414821474605697 1.1245932865124715 0.8946784316676122 0.7790913421422148 -0.3923009426156632 -0.3284220416303302 -0.3020605882106051 1.4221278530760246 1.8806889594182548 -0.11590999560365756 
0.0 -8.283858918342004E-17 0.0 0.0 0.0 0.09403427236519946 1.0771208662992073 -0.7790355767788704 -0.20191215619447167 -0.8329170087743751 -0.7588467149958907 0.3008069608622166 -0.012268195814147731 0.5671435667472045 -0.505906890457994 0.18998818508191917 -0.6086538903283611 -0.6838876891971064 0.49733158026397195 -0.7077966119316805 -0.8393312629500063 -0.7977735362821488 -1.2801832332589207 -1.3804878632012705 -0.09333892572011226 
-1.1102230246251565E-16 -1.908638170239412E-18 0.0 0.0 0.0 -0.11101626097736395 0.10795181916550867 0.20960198797196483 -0.0873130262372328 0.06809802214084382 0.37927504400201023 0.10635384781496382 -0.998262383945983 -0.15575923775526945 -0.7037313796472535 1.1645691185155282 0.8841411177795824 -1.118267381662357 -0.558677493426738 0.41587817637279834 -0.2267632754253046 1.0129913553876442 -0.05750511823318405 0.7642560546889747 0.3690255860957352 
0.0 -3.472349387516734E-17 0.0 0.0 0.0 -0.27003862581462124 -0.4869852800066976 -0.07886823387969599 0.23853382708612658 0.5669508368409637 0.10859606163428315 0.21372876007837122 -0.5688101114461841 -0.5605678328564512 -0.3393384646851114 -0.17654070634297403 0.05376353849895854 -0.3218763223883603 -0.7942685065442883 -0.3118122041838709 0.19097232451899793 0.2304579522842034 -0.17292855220095404 -0.028640920554957372 -0.45735156195846116 
1.1102230246251565E-16 9.340115114671798E-17 0.0 0.0 1.7763568394002505E-15 -0.23084123830917935 -1.7406225694371908 0.31377025320581 0.2797055410652787 0.31785496003408564 0.36556399915675986 0.1402399514104848 0.1371807275941297 -1.653996090058806 0.5326350111302416 -0.259964616014118 1.0711811317861542 0.7682853978693691 -0.3181427683056324 0.13123886807727558 1.1026716582618525 1.198699662828007 1.2880169330654798 0.9524900915063093 -0.657929855101635 
0.0 7.189403455323906E-17 0.0 0.0 0.0 0.17202649061375785 -0.3316112270127576 0.47387958660230645 1.2365382606008688 0.59393188477409 0.49920059145800394 0.38312667763652314 0.48747770198294305 -0.36307150973000724 1.852013857739721 -0.038519000126174596 1.4688632300634934 0.741619549392103 0.44425905361559925 0.6829745111974361 0.16820084439221805 0.13817310638750024 1.3706415764803301 1.559066299431966 0.1000559209926255 
0.0 -6.39696570463108E-17 0.0 0.0 0.0 0.4624231666377301 0.6399893379994488 -1.0261505489920664 0.12046107309864507 -0.3223132836681275 -0.6948690346534374 0.017100196486860425 0.0398840151016473 0.35654926262242714 -0.9907956442814982 -0.10005798985244674 -0.18436188213551574 -0.7278310104601582 -0.05659988683196593 -0.2015395188515372 -0.6194704890512444 -0.09995881524652095 -0.4124225235342287 -0.7619746253139983 -0.06957073742396869 
0.0 1.0465775551257008E-17 0.0 0.0 0.0 0.784119462611836 0.47871314779936824 -0.513540007665938 1.2564125001202506 -0.18053365263360943 -0.37251003905731944 0.45628763401629646 1.2363475689504821 -0.23787514430485412 1.3832045864827267 -1.116204127040807 -0.07284103617835525 1.0149163618712524 0.6162309456035198 -0.07626364511695716 0.19607280664298266 -0.28119141471350995 0.5622780166746777 0.7172664369367048 -0.98491853481387 
0.0 -3.8050846768192984E-17 0.0 0.0 6.938893903907228E-18 0.8955026053939927 0.3024651516247998 -0.23389904820228152 -0.0663601573943722 -0.7159730738359804 -0.5691457399742469 0.27820189158157027 -0.18497246465863426 0.2964399920059595 0.2747254612247407 -0.2814121130340003 -0.19603306364053133 -0.013466055881953171 0.7987041731355975 -0.80784080943596 -0.3075681885811922 -1.0581328899353342 0.23038631229288076 0.36870224849410155 -0.46236697167379714 
0.0 -3.927424819180627E-17 0.0 0.0 0.0 0.024741354072346455 -0.5126310784055279 -0.28106174221399965 -0.23209102522956537 0.37695843044201105 0.3750941341241979 0.7144784267349991 -0.08643256705227442 -0.010553834778870841 -0.06002589935628766 0.297177909595012 -0.09930146560574105 -0.675763641302008 -0.07465946201465834 0.5555696985802906 0.39326957188406064 0.10767213152197219 0.27884301346294227 -0.06231827056037409 0.46963369489846324 
0.0 -7.07945154844088E-17 0.0 0.0 0.0 0.717296017334105 0.08051720410770713 -1.1795851265994557 -0.24325891180437687 -0.3340929071613372 -0.4660306844630582 0.8969932689824036 -0.15019440440594778 0.2601188141599531 -0.4199076246166671 -0.4540067078364256 -0.7097978109230232 -0.6418730421594008 -0.06953080305752213 -0.8858101505155771 -0.672821213819343 -0.8439283996365985 -0.2151572374924413 -1.066058046767083 -0.2695926815793781 
0.0 1.936809879391896E-17 0.0 0.0 0.0 0.38236282249799336 -0.5511971890462694 0.39834849018977897 0.3797406533735597 0.013786656698420052 0.18871378526482335 0.6745857364798369 0.9531066398516401 -0.4768730976719069 0.5212473376273788 -0.5479597912420495 0.4384920766043299 0.7912927077712986 0.5119438390305138 0.5855681220571172 0.5983916214001135 0.1539699743284476 0.8190306075368077 -0.24572622033757996 -0.5614083644101099 
0.0 -4.513327567685659E-17 0.0 0.0 0.0 0.1180271559574142 -0.7878333520695486 -0.7765779675441622 0.35246257917556767 0.08286292846509458 -0.7340796896560423 0.8239158409304423 -0.35045872215117957 -0.13948989939628142 -0.6869739668315056 -0.7286649003445016 -0.656632811745673 -0.5067009388319486 -0.39128836898333974 -0.40854048317752345 -0.09642460694961213 -0.06355563208049508 0.4902138981919262 -0.6534111004675411 -0.8285502939123492 
1.1102230246251565E-16 -1.902389053647671E-17 0.0 0.0 0.0 0.013272798985781542 0.11755529740178383 -0.13370960434966753 -0.3683255764552116 -0.4613326066717376 -0.1688554564484288 -0.4589096505885776 -0.6840596285822953 -0.5607013635811643 0.017715155445571673 -0.0795501636208793 0.5841593359048559 -0.4716127034551336 -0.3101931509339659 -0.21821183602230995 -0.08754386363377992 -0.6251938683058297 0.007591302605834849 0.02316039835754205 0.376425016287543 
0.2660991852404906 0.6331869106802842 0.5817872273309735 0.8749258312055859 0.7248827895692109 0.006562409321647089 0.4519989408038029 0.5103190529590053 0.9913153349403829 0.6201637323374715 0.2174960869391276 0.06199791346716221 0.5707609573050122 0.8057574452559491 0.3180539308997151 0.8515140129318206 0.5190589515404855 0.2765630500561924 0.11520528010533859 0.3934130519738692 0.6645753556606124 0.08240105807384568 0.049191132200735344 0.855826835374294 0.7735463419317548